For [10, 100, 200, 400, 800, 1600] + feat = 0.5, impurity = 0.3
Heart
{'acc': [0.6842105263157895, 0.7763157894736842, 0.8157894736842105, 0.7894736842105263, 0.7894736842105263, 0.8026315789473685], 'recall': [0.8157894736842105, 0.8947368421052632, 0.9473684210526315, 0.8947368421052632, 0.8947368421052632, 0.8947368421052632], 'precision': [0.6458333333333334, 0.723404255319149, 0.75, 0.7391304347826086, 0.7391304347826086, 0.7555555555555555], 'f1': [0.7209302325581395, 0.8, 0.8372093023255814, 0.8095238095238095, 0.8095238095238095, 0.8192771084337349], 'time': [1.732525, 16.621153, 34.336414, 69.599905, 137.286917, 279.144472]}
{'acc': [0.8026315789473685, 0.8421052631578947, 0.8157894736842105, 0.8026315789473685, 0.8026315789473685, 0.8026315789473685], 'recall': [0.8157894736842105, 0.8947368421052632, 0.8421052631578947, 0.8421052631578947, 0.8421052631578947, 0.8421052631578947], 'precision': [0.7948717948717948, 0.8095238095238095, 0.8, 0.7804878048780488, 0.7804878048780488, 0.7804878048780488], 'f1': [0.8051948051948051, 0.8500000000000001, 0.8205128205128205, 0.810126582278481, 0.810126582278481, 0.810126582278481], 'time': [0.015866, 0.101505, 0.194393, 0.338933, 0.653643, 1.274104]}
Parkinson
{'acc': [0.8979591836734694, 0.8163265306122449, 0.8367346938775511, 0.8571428571428571, 0.8367346938775511, 0.8367346938775511], 'recall': [0.9736842105263158, 0.8947368421052632, 0.9210526315789473, 0.9473684210526315, 0.9210526315789473, 0.9210526315789473], 'precision': [0.9024390243902439, 0.8717948717948718, 0.875, 0.8780487804878049, 0.875, 0.875], 'f1': [0.9367088607594938, 0.8831168831168831, 0.8974358974358975, 0.9113924050632912, 0.8974358974358975, 0.8974358974358975], 'time': [0.924193, 7.779689, 16.819134, 31.486752, 64.757641, 130.34747]}
{'acc': [0.8775510204081632, 0.8979591836734694, 0.9183673469387755, 0.8979591836734694, 0.8979591836734694, 0.9183673469387755], 'recall': [0.9473684210526315, 0.9736842105263158, 1.0, 0.9736842105263158, 0.9736842105263158, 1.0], 'precision': [0.9, 0.9024390243902439, 0.9047619047619048, 0.9024390243902439, 0.9024390243902439, 0.9047619047619048], 'f1': [0.9230769230769231, 0.9367088607594938, 0.9500000000000001, 0.9367088607594938, 0.9367088607594938, 0.9500000000000001], 'time': [0.017029, 0.096646, 0.174309, 0.331386, 0.638125, 1.267267]}
quality (Wine)
quality
{'acc': [0.5384615384615384, 0.5769230769230769, 0.5734265734265734, 0.5664335664335665, 0.5664335664335665], 'recall': [0.5384615384615384, 0.5769230769230769, 0.5734265734265734, 0.5664335664335665, 0.5664335664335665], 'precision': [0.5384615384615384, 0.5769230769230769, 0.5734265734265734, 0.5664335664335665, 0.5664335664335665], 'f1': [0.5384615384615384, 0.5769230769230769, 0.5734265734265734, 0.5664335664335665, 0.5664335664335665], 'time': [3.028449, 32.419406, 64.48845, 133.209495, 257.832145]}
{'acc': [0.6538461538461539, 0.6748251748251748, 0.6958041958041958, 0.6888111888111889, 0.7027972027972028], 'recall': [0.6538461538461539, 0.6748251748251748, 0.6958041958041958, 0.6888111888111889, 0.7027972027972028], 'precision': [0.6538461538461539, 0.6748251748251748, 0.6958041958041958, 0.6888111888111889, 0.7027972027972028], 'f1': [0.6538461538461539, 0.6748251748251748, 0.6958041958041958, 0.6888111888111889, 0.7027972027972028], 'time': [0.022629, 0.164352, 0.319975, 0.637532, 1.264772]}
For [10, 100, 200, 400, 800]:Class
{'acc': [0.4222222222222222, 0.4177777777777778, 0.4177777777777778, 0.4088888888888889, 0.41333333333333333], 'recall': [0.4222222222222222, 0.4177777777777778, 0.4177777777777778, 0.4088888888888889, 0.41333333333333333], 'precision': [0.4222222222222222, 0.4177777777777778, 0.4177777777777778, 0.4088888888888889, 0.41333333333333333], 'f1': [0.4222222222222222, 0.4177777777777778, 0.4177777777777778, 0.40888888888888886, 0.41333333333333333], 'time': [4.116531, 35.049399, 69.607565, 137.423045, 264.681592]}
{'acc': [0.7911111111111111, 0.7955555555555556, 0.7911111111111111, 0.8088888888888889, 0.8044444444444444], 'recall': [0.7911111111111111, 0.7955555555555556, 0.7911111111111111, 0.8088888888888889, 0.8044444444444444], 'precision': [0.7911111111111111, 0.7955555555555556, 0.7911111111111111, 0.8088888888888889, 0.8044444444444444], 'f1': [0.7911111111111111, 0.7955555555555557, 0.7911111111111111, 0.8088888888888889, 0.8044444444444445], 'time': [0.023248, 0.165506, 0.326192, 0.648965, 1.285251]}
Class - dla 1600
{'acc': [0.4222222222222222], 'recall': [0.4222222222222222], 'precision': [0.4222222222222222], 'f1': [0.4222222222222222], 'time': [574.545732]}
{'acc': [0.7955555555555556], 'recall': [0.7955555555555556], 'precision': [0.7955555555555556], 'f1': [0.7955555555555557], 'time': [2.668664]}
CLASS [1,5,10,20]
{'acc': [0.92448, 0.9530666666666666, 0.9621866666666666, 0.9592], 'recall': [0.92448, 0.9530666666666666, 0.9621866666666666, 0.9592], 'precision': [0.92448, 0.9530666666666666, 0.9621866666666666, 0.9592], 'f1': [0.92448, 0.9530666666666666, 0.9621866666666666, 0.9592], 'time': [2.474205, 11.086139, 22.724585, 45.215807]}
{'acc': [0.9691733333333333, 0.9781866666666666, 0.9789333333333333, 0.9800533333333333], 'recall': [0.9691733333333333, 0.9781866666666666, 0.9789333333333333, 0.9800533333333333], 'precision': [0.9691733333333333, 0.9781866666666666, 0.9789333333333333, 0.9800533333333333], 'f1': [0.9691733333333333, 0.9781866666666666, 0.9789333333333333, 0.9800533333333333], 'time': [0.361208, 0.822148, 1.415795, 2.596073]}
CLASS
{'acc': [0.95632], 'recall': [0.95632], 'precision': [0.95632], 'f1': [0.95632], 'time': [46.730277]}
{'acc': [0.9798933333333333], 'recall': [0.9798933333333333], 'precision': [0.9798933333333333], 'f1': [0.9798933333333333], 'time': [2.682027]}
