split_density:

([0.8514851485148515, 0.8811881188118812, 0.8844884488448845, 0.8514851485148515, 0.8448844884488449], [0.9393939393939394, 0.9454545454545454, 0.9333333333333333, 0.9393939393939394, 0.9696969696969697], [0.8157894736842105, 0.8524590163934426, 0.8651685393258427, 0.8157894736842105, 0.7920792079207921], [0.8732394366197183, 0.8965517241379309, 0.8979591836734695, 0.8732394366197183, 0.8719346049046321], [68.767935, 58.563442, 41.894149, 29.331601, 14.128595])

max_depth:
13
11
9
7
5
3
([0.8448844884488449, 0.8646864686468647, 0.8679867986798679, 0.8679867986798679, 0.8481848184818482, 0.8415841584158416], [0.9515151515151515, 0.9333333333333333, 0.9515151515151515, 0.9515151515151515, 0.9393939393939394, 0.9272727272727272], [0.8010204081632653, 0.8369565217391305, 0.8306878306878307, 0.8306878306878307, 0.8115183246073299, 0.8095238095238095], [0.8698060941828254, 0.8825214899713467, 0.887005649717514, 0.887005649717514, 0.8707865168539326, 0.864406779661017], [46.120747, 48.077306, 46.397289, 47.65144, 42.894451, 25.848207])

gini_impurity:
0.0
0.1
0.2
0.30000000000000004
0.4
0.5
([0.8316831683168316, 0.8316831683168316, 0.8613861386138614, 0.801980198019802, 0.8151815181518152, 0.8382838283828383], [0.9818181818181818, 0.9818181818181818, 0.8363636363636363, 0.9696969696969697, 0.8181818181818182, 0.9151515151515152], [0.7714285714285715, 0.7714285714285715, 0.9019607843137255, 0.7441860465116279, 0.8385093167701864, 0.8118279569892473], [0.864, 0.864, 0.8679245283018867, 0.8421052631578948, 0.8282208588957056, 0.8603988603988603], [9.047226, 7.763233, 8.846697, 8.50595, 8.555348, 11.154493])